570 innox

- 911551151117111 inii 15115 17. ‘mim 1111811109 11,
Delio 11111111 13 15. 811111111111 01 5, 78 9, 117 1,
Democrito· 85118. 181 17,
5911111151· opp. 99 1, 111 11, 1111111111117813. ”

111ι 111111, 111 11. 11111111111111 anion 1111.
Diogenen opion 711. 11111151 1111111111 191 18.,

8. 1111111111 1861111113 11, 196 iimo 597 11.

11, 10010, 11518, 11611, 111111111113831.

117 111,111 10, 139 15, 111 1111111115111811.

10,1111 118 1117, 1511, 111111111ῃιι 81 15, 151 11.

153 10. iiippocnieo 101 10.

. 9111111108 11. - 8111111111,51 1511 ii, 918

[11511151 15 11. 18, 3611,11111.
iiiios 117 11. iiyrooooo Bithynia 0111111101 ii
Endymion 11 11, 133 0, 117 11. 11, 99 8, 116 11, 111 13, 151
1111111111111. 1,1111,11111,11111,111
1111151111 396 8. 7, 20³ 10, 117 10, 181 1, 157
1111111111811. 9, 5913, 558 10.
11111ςί1 impertiri: 138 1. ’ S. ioooboo 118 11.
Eunomia! 309 5. 1111111111. 11 1.
11111111111713, 315181111119 11111111 1111181 11.
Euripo: 181 16. iconomachi 381 15, 395 16. 110
81111110371111. 15,100111111,10813,1815. 1
5111151111 inor. 101 10, 160 9, 1111111151 19.

1111. , iunia 111 11.
Euxinus potino 1510, 8119, 558 11111111 517 1.

ι11. lgooiioo 1111115111 nimbo 11

fidoi symonianis? 5. 19.
onie· 19318. 1111111557 11.
18 1511111111111 φρούριον 11 11, 111111111111 13, 137 11117 6.

763, 786, 8111, 6371 651 lodi 19 3, 3518.

18. viratim 15 11,9 1. ionio· onogoiloo 1115.
(ionicum moro 11 11. iounoi 5111111151 611. 117, 511
oeno· 13 1, 191 11, 191 5. 17.

8111111111 11 13, 78 1, 115 11, 11111111111111111111810.

151 5, 110 11. 11151111151111111111119 6.
Georgius 5111111117 11, 37 18. 111111511310,3766.
01111111111115655. = ionium 1111177 16.

Gregorio· 111111611111111111151 1111111118 1.
· 1119. 1111118111. 511181111111111111111086, 111
Gregorio· 81111111111851, 189 10, 151 1, 1881·
1119013,1917,197 10, 301 irone 11111111ςί 11111557 90.
111, 317 7, 317 1, 311 11, 359 iuno 1111115111 11111111 611 10.
11, 37117, 198 10. 1111111111 5111111151615.
Gregorio· 151111111117 7,187 ismeone 15 7,117 18.
1, 1111,111 11, 1111, 111 lumeni.. 111 o.
11, 81613, 338 10, 367 8, 103 7111111 iiio, 81 11, 103 10, 110
1, 11111111, 111 11, 111 11.
10, 118 3, 15111, 171 11. 111611 1115111111 187 13.
111111 11. 116 10. 11111111 11111111 01 6, oio 17.
Hecuba 161 8. 111111 100 3.
1111111151 15. Labyrinthus 39 11.
1111111111.1111111131111111811, houm 181 18.

150 8, 15110, 16119, ooo 11. 51111511 i. 18 8.

 

