. 8151617668.

711111 116, 1915, 1113, 111
9. 11111111111111116116.
1111111Ηὶ111111111.1111111151 11
5111111111. 18111, 11611,1111.
1111111 11113111355 1.
511511 111.11513,1111,501
11111111115151.
51111111181.
511511 111.
11151111111111 1111611 7.
Lyd} 5511123. 1111111111111111 151
511115111199 5, 166 7.
1111111111 13, 111 17, 199 15.
S. 111111 18811.
,511111 5111. 157 7. ,
. 511111111111 manantium 11311.
1111115111 3511, 111 13136 15,
51111111718.
111111 Anu 51615.
5111111 cannensem 118 13.
1111111 1151111111111111 8.
1111111111 611111 1713.
51111111136 13,111 3.
5111111111111397 11. s χ
11111 Andronici 1111557 17. “
1111511111111111111 113 11.
5111111111153 7.
8. 1111111181 16,111 13193
18, 361 3, 311 13, 31518, 317
5111133511, 355 imm
15, 35011, 3556, 36711,
31611, 16810,11510,153
1,15117,15111,17113,181
16, 111 19.
mediolanum 193 13.
1111113911.
5111111111116 3. s
51111111 563 15.
51111115, 151 11.

818811.
5111111111 136 8.
· 5111110681183,16311.
51111111 513 ιι.
1111111111 153 11.
1111111111 10, 5661.
1611151111 6111111111 gener
511111111111111 105 11,111 8.

1111115. 13 11, 161 11.

1171 ’

75715111 1111111515· ’

Eoo 111 7.

11111111 118 18.

0111111 occidentali· 19118.

Olympi· 115 15.

01111111 cypri 1111118 1

61111111 111. 11 1,111 11, 116
11, 151 1, 153 17, 178 1,

onim opp· Μ 22. ⁴⁷ Ὦ.

61111 111 13. -

611111 13 16.

1111111111 11816.

11. 1111111111195 131181, 178
11, 18711, 167 11, 116 161
111 1, 551 3.

1111111111 1111,116 18

Mum 181 1,· 116 11, 511 11.

“ways 1, 111 151113 11,

111111 1111111111 115 11,,118 11,
378 13, ³8⁶ 1, 161 17, 118 1,
131 1,115 11, 111 15.

111111 1111111151 57 3.

Peloponnen! 77 11119 1.

Pelops 1351.

1111111111 15 7.

Perinthus 1. 1111111111 11, 161

1767110 84 71 184 2³, 2⁴¹ 8·

111111 1111111111 111 11,135 11

κ’ Pharnabazus ⁹9 18.

Pharao 19 11, 11111.
Pheraeorum 11111111 711 1.
Philippi opp· 551 11. -
1511161111 01111111 1. 61111111.
stom! 50⁴ 31 6115 ²2 569 22·

1111111111 1516, 11618.
Photinus 171 3.

Pindum! 391 15.
Pitinum 181 11.

1111111111, 1111 mm
1111 361 1.

= Polyxena 161 a
ι 511111 183 15,1175,111 9,113

Ponti 116χῆ1 15 8 11 16, 83 18,
117 241 mm& ⁴⁵ 19,
port· 11111 180 1, 181 1.

1111111 11511,-181 5. ·
111111111111566 11.

Propontis 86 1,

Protagora 375 5.

1111111 100 ι.

7111111111 111ρᾶ111111 31 17.
111151167 11.

1111111111 111.

 

