“ 0000000000·

P· 507,2,11,13,100000010001111 011. 00000700 212.οι ”’

12 3. 10000000100100 28 3. ’1100700 22 2. 011000 3212. du’
⁹ 03 3. 01000μέ000 00 0. 070030 0120000000, 730. 000-
0000000 87 11. 300 21. 000003ὄο ,8212012010110
01100000 00011000εό00, 1000000000 0001 01010000 20 12. ²2·-
0070 21. 170100300100 20 21. §umor 1131221010 121 ·
2. 0000001 130100000001 13311.ἥοοω00 1213,108101
1010220. 'pov' 121 2. 0000007001 122 17. 00 1000. 0000-
0000000000 1711010003000 121000000000 172 0. 10110 ·
niman 0001 δρόμος 17221. 10010000 01 remonte. 00100000101
101000 venum 17230112.1812,13,13,23.1000011- 182
2. 00010000 180 12100010 23. 10010000 12210070100
127121010000 128 33 207 2. §adr 12. 0007000 212
11. 0110000100 22110. 00707 220120110. 07 220 2. 001000-
1712113, 0007020302 ¹· ’01110223 hagag-‘wat ,3211101127ῗοιὲιῖ
27. zui 322 7. 00100 12. ec 302 3. 6010000020 3012.
mlx 381 11. 70000010 323 8. 07120 201 1010000001000·
300 ·- gpq'covm 2021001000 12.’ 010000000οω10 211
8. ὃμὲν 21312. [ww 21812. 10000010 212 2. 70000
12. 0000007000 18. 0710 222 7. σημαινομένων 22217300-
000, 230 22. 00000 220000000100000000112 22212.
00100 220 3. 02001“ 227 mammas 20013000 201
17. 0100002 200 2ξο 20212. ἡμᾶς 270 &fr 28023. x
gfffl 002220123ζῖ 012 iffi. ’160050122οεωῆ 14222
10. 01 000 mrumst 002 13. 10110 1110 0000110000οώ0.

 

