070
70101101 0101101 40 11.
0111100111 140 00.

Pythagoreo 04 0.

1> 110 303 10.

8100101100 10015.

11101101 101. 11 11, 0111 11 10.
1101010111 1101100101 1001101 5180.

110111 113 14. “’

101111 114 15, 100 10, 511 18.
8115011101 003 11.

81111111 101. 40 18. -
80101100 305 11, 430 10. .
81100111100 700 10,
8111011888,

80101011 111. 100 7. ,

801011001 1. 51 18, 007 17. -

80010101 1. 8001111111 01 7110100.

do 10010101 180 1.

8001100 1818, 00 14. 1110000101
11001515 10, 517 17. 10001-
011· 530 8. 01110000101100 10.
u} 01001110 1100111111 45 10.

Selymbria 14010, 17014, 510

8011111 85 01.

Sidon 040 01.

81100115. 007 17.

81000 0111111. 557 8.
Simon 0110111 500 05. ⁴
8110001 15500.

’ 80011101 07 7, 408 05.

Sodoma 338 8.
8. 000110 108 10, 001 00, 035 8,

04700, 054 0, 510 17, 558 10.
,, 800100101 338 7, ,
Sozopolis 83 01,

8010 15 00. “

1 ¹ 80100011 1001101111101385 1.

80000100000110101 111 14.
8000007110011101101 530 10.

INDEX nlsTomcus,

Syrio 1510.

700011 40 1, 00 14, 104 17, 100

7111011000.

7010110111 3815.

Tenediorum 00111151 0, 000 10.

70110101 101. 780, 85 14, 05010,
041 01,·047 5, 05001, 0578,
505 00, 557 17, 554 5.

101110 motu· 001 1.

711101 110111 578 8, 5817, 301
5, 507 17, 404 1.

710110 1010001010 14 5.

710100 800011010 47 10, 180 15.

Themistocle· 40 10.

71001010101101111 500 18, 581 0,
458 8, 405 00, 404 5.

’110οῃ011111 11011110 001100011

8. 7100010001587 4.

711οο110101 000 10, 540 10.

71011000 88 5.

710111101331 01.

71101001 40 8.

71011011155710. ’ 1

710111100100 44 0, 45 5, 74 7,
14717, 108 14, 184 7, 0008,
008 10, 550 4.

7111001004 00. ·

7111011 7010, 100 7, 003 00,
510 0. 01101710010018018,

71010 101. 517 01.

71110111 100 1, 170 5, 540 00.

71010 51 14.

Tyrrhenicum 11010 100 7,

Tyron 040 01.

‘ 1111101018 17.

Veneti 41 00, 70 5, 84 18, 144
20, 111 10, 119 0.

00001100 41 10, 85 5, 145 0·

7010001100 0111110111οο 511 17.

m———mn

 

