INDEX 8187081088. 559 ¹

811111111171. 01111111181111155111.
811111111111111111 151 21. 11.0111Ρ11111111112322,12510,
81151511811111111 250 7, 51012. 1287, 285 13, 2989, 3075,
81111111 0111111 3117, 1393, 3173, 3799, 110 13, 115 21,

235 13, 257 15, 272 18. 1211112318, 130 5, 135 1,
8. 81111111 122 11, 2833, 285 11218, 113 8, 115151122,

10, 289 5, 300 5, 301 10, 305 115111120,11912,15211,

15, 3095, 31521, 31922, 325 1753, 187 19, 188 11, 1891

mmmmmmmm mmmmmzmm

2,1839,185 7. 197 22, 527 5, 531 5.
811111123 15. 111111- utquam 52 3.
81111111 188 22. 0111111 15 15, 19 17.

811111191 20, 509 3. 0111511111 377 19.

8111111181 7, 117 10. 0111111219 23.

81111 opp. 153 18, 2198, 510 01111111113911.

15. 01111111111111111 1111111111 52
118111111111111111111 21221.1,851.011.11111111111201
8111111 102. 21, 20111, 211 5, 21922, 519
811111112597,3091.1553215.

8111111135111. coelesyria 11 15, 21019.

· 0111112818, 11111111 Rhodius 1113.
0111111352 19. , concilium 1111111111 7, 125 15,
01111111 201 5. 110 1. -

0111111111 1111111111 cp. 195 7, 01111111111111111118113,1012
231 15, 219 12, 257 5, 5207, 011111111 77 17.

533 2. 80111111277119011.
011111111 1111111533 18. 0111111 1111111111111 9.
,0115111111505 3. 01111111. 391,·15 23, 8115,
de 1111111 proverbium 191 21. 183 5
camiros opp. 121. 0111111 20 12.

’ 1101111111111121103711, 53 0151111111101, 1221853.
21, 55 20 1192, 171 19, 177 011111121817.0111111111315.
11, 1955, 23511, 31215377 01111111. 19 22.

11, 51515. 01111118111111111111111151311
Carmelus 1111121021. cylonis* α yos 111 20. -
01111111111. 15 21. 0111111111. 27 18, 1835.
Caspium 11111 199 15. 011111 1111 155.
0111111111ορ. 21223. 8. 01111111 292 21, 295 17, 298
“ 011111111210,8117,8711,88 2, 302 21, 359 23, 193 11.

19, 89 5, 151 17,177 15, 189 111111111111111 1232, 2783, 281

5, 212 13; 20, 292 3, 297 3, 298 511 21,
0111111111 11111 dominun 503 25. 305 13, 319 19, 327 10, 339
01111111111111111 2193, 5573. 12, 3501, 353 1 1122, 355
01111111 111111 3387. 15, 3577, 357 19, 123 23, 135
011111111887,9021,11711,1215323.

5018. 811111111111 11 17, 21020.
01111111 1810, 32 21), 3310, 811111125 23, 28320, 12521,

215 15, 283 20. ’ 1181
0111111111 1111111112819. 81111111 1111227 18.
0111111111185 20, 118 22, 203 811111 15 23.

15, 223 11. 1111111111 11111559 2.

01111111. 51 7, 783. David 127 2, 3257, 832 12, 530

0131111 8. 811111 111111 225 ¹?‚521321m 5111111111 111·

1 ῐ ρ ”

 

